-12.2147 -11.9518 1.18193 0.785277 1.04817 -2.16754 
-9.879 13.8488 3.58529 -1.379 -1.1512 -0.128929 
-4.69861 -12.311 -0.70899 -0.698612 0.688985 -3.07902 
-0.188871 13.3245 -1.47617 -0.688871 -1.6755 2.93469 
4.85954 -12.8195 -5.10763 -0.140457 0.180528 -0.417462 
8.5187 13.9466 -0.208041 -0.981301 -1.05339 -0.104506 
-11.7284 -7.36628 7.85353 1.27156 1.13372 4.7451 
-8.87559 -9.60026 3.44656 -0.375589 -1.10026 0.663963 
-3.97585 -6.66485 0.774111 0.0241531 1.83515 -0.241802 
0.157583 -9.13992 -5.0977 -0.342417 -0.639924 0.50461 
6.97499 -6.79405 1.48046 1.97499 1.70595 -3.45979 
8.2247 -7.83082 -2.82562 -1.2753 0.66918 -4.0477 
-12.3734 -2.91789 0.387872 0.626639 1.08211 0.479432 
-8.67046 -2.86726 -6.18849 -0.170457 1.13274 -1.17748 
-3.67806 -5.18094 -3.30273 0.321938 -1.18094 -3.48027 
1.58467 -3.91317 1.13113 1.08467 0.0868328 1.6392 
3.79791 -5.3846 6.81698 -1.20209 -1.3846 1.19658 
9.68984 -4.78764 1.76078 0.189839 -0.787644 -2.36198 
-11.8997 1.79513 2.42477 1.10027 1.29513 -0.884222 
-7.61228 1.15441 -1.43313 0.88772 0.654407 3.69926 
-2.00967 2.24508 -0.706568 1.99033 1.74508 1.56289 
1.97022 -0.0804647 1.04231 1.47022 -0.580465 5.96157 
5.61143 0.853094 0.254661 0.611428 0.353094 2.14308 
11.3598 0.958647 6.81256 1.85978 0.458647 6.10991 
-13.1759 3.78873 -8.09786 -0.175947 -1.21127 -2.64807 
-6.58672 5.04794 -11.4081 1.91328 0.0479364 -5.8821 
-5.55695 3.23647 1.67687 -1.55695 -1.76353 -2.7555 
1.75298 4.77535 -9.67001 1.25298 -0.224648 -5.4956 
3.04769 6.36431 4.52276 -1.95231 1.36431 -0.603203 
8.83053 5.4272 -3.08477 -0.669473 0.427199 -1.67991 
-13.3607 8.98097 4.88014 -0.36072 -0.519033 0.44207 
-10.4315 8.69514 3.73462 -1.93147 -0.804864 -1.50151 
-3.54551 9.6937 -5.44757 0.45449 0.193697 -6.27263 
2.19315 7.89441 -1.99817 1.69315 -1.60559 2.49959 
5.743 10.5371 -0.6402 0.742998 1.03705 4.19198 
10.1264 8.75535 -8.85067 0.626375 -0.744648 -4.52887 
